-13.698
-13.605
-13.598
-13.513
-13.254
-13.058
-12.922
-12.654
-12.626
-12.562
-12.534
-12.459
-12.412
-12.337
-12.126
-12.099
-12.013
-11.838
-11.808
-11.747
-11.637
-11.625
-11.491
-11.465
-11.372
-11.365
-11.301
-11.287
-11.274
-11.138
-10.969
-10.897
-10.747
-10.715
-10.646
-10.339
-10.315
-10.227
-10.122
-10.119
-10.080
-10.054
-9.987
-9.791
-9.759
-9.687
-9.608
-9.419
-9.378
-9.368
-9.336
-9.247
-9.181
-9.178
-8.762
-8.752
-8.652
-8.616
-8.456
-8.452
-8.433
-8.370
-8.318
-8.058
-7.956
-7.941
-7.837
-7.815
-7.793
-7.786
-7.612
-7.437
-7.436
-7.270
-7.259
-7.237
-7.172
-7.014
7.010
7.027
7.103
7.116
7.153
7.214
7.238
7.270
7.296
7.319
7.337
7.378
7.468
7.493
7.631
7.643
7.662
7.703
7.749
7.786
7.793
7.797
7.840
7.864
7.880
7.941
7.955
8.000
8.037
8.052
8.165
8.173
8.190
8.198
8.352
8.385
8.388
8.401
8.435
8.603
8.686
8.698
8.714
8.720
8.751
8.848
8.859
8.929
9.064
9.089
9.147
9.162
9.167
9.196
9.352
9.608
9.626
9.638
9.640
9.640
9.646
9.695
9.731
9.756
9.758
9.793
9.893
9.904
9.994
10.206
10.226
10.260
10.275
10.285
10.304
10.338
10.376
10.403
10.422
10.432
10.455
10.480
10.504
10.516
10.556
10.585
10.586
10.622
10.647
10.675
10.676
10.709
10.843
10.891
10.918
10.950
11.041
11.041
11.042
11.086
11.180
11.196
11.214
11.226
11.233
11.276
11.382
11.428
11.531
11.566
11.569
11.569
11.579
11.669
11.735
11.766
11.777
11.793
11.870
11.901
11.906
11.960
12.025
12.034
12.042
12.129
12.146
12.156
12.203
12.216
12.217
12.277
12.285
12.290
12.305
12.438
12.445
12.451
12.567
12.590
12.773
12.832
12.893
12.898
12.940
12.968
13.109
13.149
13.151
13.176
13.188
13.220
13.230
13.253
13.289
13.321
13.431
13.452
13.764
13.765